0.020895 78
29.427601 82
0.014957 82
0.051574 82
0.019708 82
0.030755 82
0.028553 82
0.024369 82
92.191607 82
0.207649 82
0.078733 82
0.054806 82
0.047512 82
0.042068 82
0.118730 82
0.211008 82
1.476829 82
0.121813 82
0.071009 82
0.581326 82
0.562679 82
1.289530 82
0.159324 82
0.518418 82
77.807334 1
0.288060 1
0.199848 1
0.296472 1
0.167614 1
0.760420 2
0.034424 89
38.309143 1
0.768237 1
0.203595 1
0.176242 1
0.303817 1
0.176300 1
0.215719 1
2.755338 35
2.800858 2
0.026993 52
26.412876 1
0.572047 1
0.388053 1
0.556044 1
0.688098 1
0.724056 1
0.359745 1
0.568060 1
3.192374 1
0.315414 1
0.404058 1
0.444193 1
0.163870 1
0.159984 1
1.777172 127
4.428202 14
0.271801 1
0.236569 1
0.500077 1
0.030221 1
0.029788 1
0.031133 1
0.031359 1
0.030954 1
0.030885 1
0.415004 1
0.590989 21
0.705177 1475
0.001236 52
771.918732 2
0.227848 2
0.363949 2
0.200193 2
0.387697 2
0.680478 2
0.299735 2
0.135993 2
1.488338 1
0.615818 2
0.732038 2
0.147882 2
0.208078 2
1.012017 4
0.499865 4
0.030797 4
0.030450 4
0.031037 4
0.031226 4
0.031252 4
0.030682 4
0.030730 4
0.031301 4
0.030689 4
0.030383 4
0.031389 4
0.031090 1
0.030680 1
0.032256 1
0.031581 1
23.766360 1
0.296224 1
0.360072 1
0.204018 1
0.383805 1
0.672282 1
0.331731 1
0.148032 1
2.500120 1
0.652092 1
0.551806 1
0.131780 1
0.204200 1
27.057719 2
0.041022 52
1.269322 1
0.531875 1
0.160074 1
0.236466 1
0.459559 1
0.512059 1
0.164218 1
0.583729 1
0.364127 1
0.787796 1
0.960320 1
0.367800 1
0.732104 1
0.783794 1
0.715799 1
0.244260 1
0.268129 1
0.651992 1
0.387836 1
0.504066 1
1.520081 1
0.431893 1
0.588082 1
0.267980 1
0.255924 1
0.308042 1
0.428103 1
2.376211 1
0.351715 1
1.136179 1
0.428057 1
0.183769 1
0.180095 1
0.856111 1
0.375829 1
0.504135 1
1.247865 1
0.344231 1
1.816094 1
0.295527 1
0.328329 1
0.359776 1
0.824088 1
1.587830 1
0.371974 1
0.191968 1
0.180188 1
0.459795 1
0.256129 1
0.331994 1
0.716262 1
0.411830 1
0.744258 1
5.347732 1
0.283913 1
0.476182 3
0.175823 1
0.220122 1
3.163841 1
0.804656 4
0.423414 1
0.908202 1
0.579860 1
0.123858 1
0.280185 1
0.188119 1
1.603764 1
0.496147 1
0.148011 1
0.299904 1
0.235851 1
1.264102 1
13.825103 1
0.500113 1
0.030491 1
0.031061 1
0.029869 1
0.030054 1
0.030442 1
0.030709 1
0.030736 1
0.306507 1
0.619180 5
6.185331 2
0.073397 52
4.817061 1
0.728047 1
0.208520 1
0.191373 1
2.048294 1
0.271865 1
0.191963 1
38.236209 1
0.687912 1
0.127942 1
0.248114 1
0.239773 1
0.188035 1
2.001763 2
0.076739 52
1.081659 1
0.459875 1
0.380173 1
0.511872 1
0.083979 1
1.913085 1
0.594921 1
0.524100 1
0.916125 1
0.455735 1
0.144126 1
0.235920 1
0.268018 1
0.200002 1
9.056503 2
0.012963 60
0.000059 1
0.000038 1
0.000035 1
0.000035 1
0.000035 17
0.000036 2
0.000042 55
0.000036 1
0.000134 514
0.000264 52
4.225828 1
0.084024 1
0.988269 1
0.519736 1
0.523972 1
0.279735 1
0.320374 1
0.263953 1
0.323889 1
1.780103 1
0.115966 1
0.248023 1
0.212082 1
0.231976 1
27.888127 134
2.699786 1
0.344027 1
0.172201 1
0.219840 1
0.284046 1
0.247897 1
0.340080 1
0.932839 1
0.474949 1
0.316118 1
0.640079 1
0.707951 1
0.280136 1
0.675869 1
0.255988 1
0.684053 1
0.920090 1
0.656113 1
0.115579 1
0.264161 1
0.276225 1
0.391833 1
1.758293 2
0.054247 52
2.263474 1
0.524023 1
0.164572 1
0.219265 1
0.224196 1
0.175888 1
1.072039 1
0.584157 1
0.331796 1
0.127996 1
0.239971 1
0.228059 1
0.364016 1
2.394691 2
0.030368 52
202.727377 1
0.423825 1
0.200017 1
0.483873 1
1.004199 1
0.311830 1
0.139984 1
0.588188 1
0.555952 1
0.107986 1
0.263923 1
0.216402 1
0.251678 1
1.012176 4
0.132040 1
7.897594 2
0.393536 52
3.532814 1
0.275969 1
0.267945 1
0.152045 1
0.207837 1
0.160074 1
1.072007 1
0.524013 1
0.111934 1
0.256140 1
0.276015 1
0.551788 1
18.314346 47
6.433715 62
4.130064 2
0.536367 106
4.082008 1
0.080859 1
0.338776 1
1.848905 1
0.402871 1
0.704294 1
0.236184 1
0.223667 1
0.540121 4
0.403926 1
0.332139 1
1.052094 1
0.419775 1
0.340310 1
0.307746 1
0.588026 1
0.127755 1
2.177311 1680
506.651762 1
0.129722 1
0.554146 1
0.319993 1
0.168102 1
2.463864 1
12.880023 1
0.584242 1
0.944363 1
4.292045 1
0.243296 1
0.180288 1
0.143938 1
0.679873 1
1.364000 1
0.096056 1
0.407989 1
0.408088 1
0.107824 1
2.943901 1
0.792567 1
0.163598 1
0.256339 1
0.215672 1
0.368455 1
3.380953 2
0.027972 52
1.223793 25
0.499716 43
3.560133 1685
11.910161 56
0.041312 56
0.057654 56
0.020237 56
0.034299 56
0.032261 56
0.031165 56
0.030934 56
0.028585 56
0.028560 56
0.025674 56
0.024588 56
0.020654 56
0.018067 56
0.231027 56
0.159389 56
0.051976 56
0.011446 56
0.748788 56
0.051444 56
0.049225 56
0.221281 56
0.080299 56
179.775037 2
0.231244 2
0.700116 2
0.152126 2
0.771838 2
0.127756 2
0.464113 1
0.447926 1
0.132179 2
1.100113 4
0.499978 4
0.031245 4
0.031120 4
0.030589 4
0.031099 4
0.029846 4
0.031855 4
0.030453 4
0.031274 1
0.030537 1
0.031006 1
0.032861 1
3.697970 1
0.312026 1
0.371993 1
0.176021 1
0.704007 1
0.124153 1
0.479857 1
0.491861 1
0.208121 1
0.455864 1
1.152234 1
0.176004 1
0.383821 1
0.384141 1
0.668101 1
2.637239 2
0.054661 111
0.000089 2
0.000437 52
5.648384 15
0.600253 30
0.692013 1587
184.167131 2
0.451864 2
0.268039 2
0.140018 2
0.260057 2
0.115854 2
0.748157 1
0.987914 1
1.235960 4
0.501303 4
0.030839 4
0.031538 4
0.032221 4
0.030942 4
0.031616 4
0.030998 4
0.031841 1
0.031031 1
0.030956 1
0.031538 1
0.032362 1
4.693064 1
0.243838 1
0.296044 1
0.156192 1
0.692246 1
0.103444 1
0.600209 1
1.871881 1
0.103917 1
0.452140 1
0.439934 1
0.304053 1
0.364076 1
0.347999 1
0.483913 1
1.145830 2
0.040804 111
0.000092 2
0.000403 52
5.284682 1
0.300139 1
0.151951 1
0.352263 1
0.107616 1
0.404100 1
0.220143 1
0.439916 1
1.509077 1
0.514980 1
0.172063 1
3.568001 1
0.596182 1
1.495616 1
0.600097 1
0.424370 1
0.455711 1
0.635846 1
0.596067 1
1.383990 1
0.488044 1
0.559797 1
0.452111 1
0.220024 1
0.192124 1
0.287859 1
19.060464 2
0.283458 61
0.000088 2
0.021741 13
0.000076 2
0.001284 52
6.780986 1
1.032111 1
0.631948 1
0.159921 1
0.284007 1
0.611902 1
0.388208 1
0.152002 1
2.119994 1
0.923994 1
0.567847 1
0.428438 1
0.195448 1
0.184224 1
0.332430 1
1.659566 1
0.792150 1
4.792117 4
0.500489 4
0.031347 4
0.030272 4
0.030921 4
0.030549 4
0.031019 4
0.031009 4
0.031038 4
0.031764 4
0.030561 4
0.031639 4
0.031435 4
0.031453 4
0.030965 4
0.032090 4
0.031063 4
0.030541 1
0.031597 1
0.033701 1
0.030852 1
0.609483 1
0.284154 1
0.159758 1
0.420005 1
0.392110 1
0.247944 1
0.211760 1
0.688531 1
2.495758 1
0.169745 1
0.210740 1
0.363312 1
0.808357 1
0.675811 1
0.400026 1
0.411895 1
0.204069 1
0.192082 1
0.291868 1
3.268113 2
0.041257 87
0.000064 2
0.001616 73
0.000064 2
0.125781 13
0.000080 2
0.001181 52
8.265866 1
0.295951 1
0.456476 1
0.211549 1
0.319895 1
1.396147 1
0.344123 1
0.660003 1
1.279961 1
0.491792 1
0.448182 1
0.459931 1
0.204055 1
0.195733 1
0.264044 1
0.788665 1
0.703420 1
0.596118 1
1.707861 1
2.384065 1
0.136043 1
0.603781 1
0.276274 1
0.196344 1
1.447470 1
5.169494 2
0.053803 52
1.620854 1
0.500147 1
0.395806 1
0.515949 1
0.888227 1
0.443785 1
0.780030 1
0.240100 1
0.308253 1
2.035911 1
1.584010 1
0.467618 1
0.524187 1
0.260017 1
11.004015 1
0.504574 1
12.554699 72
0.012833 72
0.044823 72
0.018836 72
0.025176 72
0.027289 72
0.024564 72
0.022991 72
0.338949 72
0.220249 72
6.205429 2
0.111291 54
0.000090 7
0.000126 7
0.000059 6
0.014040 29
0.000068 32
0.000043 6
0.000453 3
0.000579 96
0.000049 6
0.000107 6
0.000057 216
0.000053 212
0.000123 4
0.000118 11
0.000044 12
149.385033 118
6.187534 1
0.999928 1
1.420013 1
1.372121 1
1.031012 1
1.129033 1
0.692002 1
1.828055 1
0.051792 1
1.120038 1
0.992006 4
1.775796 1
1.024286 1
0.216044 1
0.231948 1
0.540047 1
0.472212 1
0.371712 1
2.372702 115
101.587455 1
0.280159 1
0.923976 1
0.628094 1
0.884378 14
0.001312 78
2.038087 1
0.668102 1
0.379881 1
0.691854 1
1.252230 1
0.535908 1
0.488194 1
0.999088 35
5.381398 2
0.030993 52
1.645309 4
0.736183 20
1.872458 1
0.500889 1
0.030843 1
0.031089 1
0.030829 1
0.030495 1
0.030573 1
0.030909 1
0.031719 1
0.030499 1
0.030778 1
0.031536 1
0.030950 1
0.031055 1
0.030430 1
0.031324 1
0.031413 1
0.031055 1
0.030508 1
0.031899 1
0.031291 1
0.032353 1
0.032158 1
0.031960 1
3.648019 33
0.447989 33
0.644062 33
0.416097 33
0.563874 33
0.976911 2
0.010072 54
0.002473 7
0.000057 7
0.000042 6
0.000529 29
0.000055 36
0.000042 6
0.000180 8
0.000052 26
0.000041 6
0.000493 3
0.000055 96
0.000217 6
0.000106 6
0.000057 216
0.000053 212
0.000319 4
0.000053 76
0.000046 79
0.000045 51
0.000045 54
0.000046 40
0.000047 72
0.000045 47
0.000045 38
0.000046 87
0.000161 83
0.000049 45
0.000044 7
0.000042 12
1.597081 22
0.500200 22
0.031259 22
0.029741 22
0.029711 22
0.031476 22
0.031423 23
0.031154 23
0.031223 23
0.031037 23
0.031125 23
0.030765 23
0.030950 23
0.031296 23
0.031531 23
0.031199 23
0.031579 516
0.030529 23
0.031630 23
0.030770 23
0.031088 23
0.031336 23
0.030002 23
0.031041 23
0.031257 23
0.031247 315
0.031528 23
0.031611 23
0.031045 23
0.030344 23
0.031705 23
0.031525 23
0.030837 23
0.031499 23
0.031451 394
0.030762 23
0.031731 23
0.031102 23
0.030662 23
0.031550 23
0.032424 23
0.031517 23
0.031363 23
0.032010 302
0.031095 23
0.031184 23
0.031163 23
0.030710 23
0.031051 23
0.030925 23
0.031658 23
0.031340 23
0.031719 469
0.030335 23
0.031538 23
0.031506 23
0.031474 23
0.032707 23
0.031145 23
0.031175 23
0.031592 23
0.030974 314
0.030410 23
0.033155 23
0.030821 23
0.032210 23
0.031655 23
0.031790 23
0.032348 23
0.030701 23
0.031088 59
0.031331 18
0.031976 18
0.032982 18
0.033065 18
0.032153 18
0.032300 18
0.031711 18
0.030975 18
0.031815 18
0.031098 18
0.032079 18
0.030737 18
0.030891 18
0.031508 18
0.031734 18
0.032230 18
0.031150 18
8.334303 61
0.347556 19
0.443975 19
0.568047 19
0.652252 19
11.187732 19
0.452035 19
0.928099 19
0.147763 19
0.224056 19
2.441390 19
0.448017 19
0.551705 19
0.207919 19
0.203979 19
20.459955 19
0.172135 19
0.503680 19
0.192797 19
0.187847 19
2.014436 19
0.576190 19
0.332112 19
0.676045 19
0.159802 19
3.887879 21
0.180123 21
0.171965 21
0.184094 21
0.199962 21
14.140164 19
1.291928 19
0.359960 19
0.503993 19
0.328059 19
2.041165 19
0.191799 19
0.191881 19
0.176248 19
0.530868 30
1.427900 27
2.819977 30
0.684024 27
0.932567 30
0.507804 27
1.051930 30
0.319783 27
0.240055 27
2.213199 19
0.215686 19
0.183850 19
0.180250 19
12.760159 19
0.499864 19
0.236089 19
0.630968 28
0.515950 25
11.004500 278
3.047791 476
7.944825 193
316.203514 1
0.315782 1
0.336189 1
0.259966 1
1.232178 14
0.001589 78
0.874270 1
0.251868 1
0.592092 1
0.131920 1
0.232492 8
