0.020917 78
2.942306 7
1.544042 10
0.996063 17
0.363880 13
0.228194 10
0.556835 2
0.001126 33
3.718274 2
0.041818 52
5.912824 1
0.203897 1
0.244026 1
0.267992 1
0.395898 1
0.280018 1
0.144051 1
0.420146 1
0.647989 1
0.183750 1
0.280224 1
0.299909 1
2.884401 4
0.163477 4
0.164236 4
0.359945 4
0.859792 1
0.144109 1
0.412147 1
0.167845 1
0.168057 1
0.207964 1
0.540218 1
1.211713 1
0.176153 1
0.312052 1
0.379823 1
0.136067 1
2.276269 1
0.495694 1
0.204101 1
0.276001 1
0.247930 1
0.343994 1
0.532056 1
0.192107 1
0.279740 1
0.231931 1
0.604062 1
0.080022 1
3.485620 2
0.101421 52
6.041140 1
0.199910 1
0.264061 1
0.159989 1
0.220050 1
0.195928 1
0.547951 1
0.555811 1
0.300202 1
0.260111 1
0.475967 1
0.732091 1
0.115880 1
3.744382 2
0.069621 45
5.453916 62
3.658386 2
0.003392 52
0.000058 2
0.000388 52
18.649904 1
0.480033 1
0.648233 1
0.183798 1
0.204003 1
0.287962 1
0.223959 1
0.420072 1
0.091961 1
1.636605 2
0.164786 2
0.570709 1
0.267813 1
0.287968 1
0.152492 1
0.243676 1
0.219994 1
0.877992 40
0.000150 2
0.000085 36
5.979697 2
0.002871 45
5.463328 62
4.091848 107
6.291993 62
3.608026 80
16.716041 62
2.952459 35
2.001312 152
19.490192 1
0.212006 1
0.259989 1
0.224160 1
0.223968 1
0.195835 1
0.292161 1
1.129028 2
0.001118 14
3.295013 2
0.024076 86
2.302718 1
0.431798 1
0.236436 1
0.244297 1
0.507469 1
0.192004 1
0.248033 1
1.343870 2
0.039181 52
8.884847 1
0.428502 1
1.471574 1
0.184462 1
0.695598 1
0.832034 1
0.539919 1
0.988190 1
0.643711 1
0.348028 1
0.208173 1
0.148128 1
3.239962 1
1.959812 1
0.212033 1
0.672172 1
1.135816 1
0.084077 1
0.976002 1
0.880047 1
0.211921 1
1.178852 1
0.433158 1
0.231775 1
0.228152 1
0.428741 1
1.127372 1
0.415962 1
0.420010 1
1.971923 1
0.208013 1
0.939957 1
0.424093 1
0.360058 1
1.251958 1
0.319743 1
0.320118 1
0.335936 1
0.948324 1
0.751752 1
0.316031 1
0.247953 1
0.356024 1
0.488104 1
2.343869 1
0.176396 1
0.219691 1
0.276114 1
0.371873 1
0.447940 1
0.111944 1
3.568678 2
0.050543 52
7.805097 1
0.651713 1
0.552081 1
0.235985 1
0.680494 1
0.251785 1
0.559557 1
2.108284 1
2.280162 1
0.379687 1
0.904156 1
1.183914 1
0.444087 1
0.271942 1
0.331971 1
0.420321 1
0.303725 1
0.247866 1
0.340562 1
0.247538 1
0.396067 1
0.440003 1
0.139905 1
2.972423 2
0.041646 54
0.000061 2
0.000425 52
167.401829 2
0.271941 2
0.256016 2
0.892013 4
0.180022 4
0.179690 4
3.732282 1
0.527914 1
0.227952 1
0.272073 1
0.180148 1
0.831933 1
0.492165 1
0.344059 1
0.683920 1
0.923814 1
0.224367 1
0.207702 1
0.235852 1
0.280017 1
0.183921 1
1.673128 2
0.047542 52
1.757223 15
0.187257 56
0.540568 2
0.016096 54
0.000057 2
0.001181 52
2.393653 23
0.684543 56
0.765051 2
0.000257 52
0.406437 15
0.516314 56
0.529294 2
0.020295 54
0.000090 2
0.000326 52
8.376926 1
0.427816 1
1.408054 1
0.108220 1
0.867886 1
1.643929 1
0.504031 1
0.315795 1
0.528228 1
1.096109 1
0.211998 1
0.231720 1
0.336341 1
0.487957 1
0.095929 1
0.685921 8
0.000174 52
151.773421 17
4.912699 4
0.183807 4
0.296209 4
0.843837 1
0.780623 1
0.983889 1
0.375648 1
0.721059 2
0.049738 84
0.000067 2
0.000220 104
0.000043 2
0.000431 52
69.840613 22
1.675958 4
0.195958 4
0.152215 4
0.159751 4
0.351860 4
0.620321 1
0.167804 1
0.332226 1
0.355670 1
0.535975 1
0.068077 1
1.576421 2
0.039997 2
0.000147 92
0.000480 52
7.400197 23
0.803933 45
0.776702 35
1.111808 56
1.256378 2
0.016800 54
0.000080 2
0.000330 52
4.261975 23
1.368246 26
0.207782 1
0.427976 23
0.192447 60
0.507597 45
8.870160 12
0.724939 4
0.499630 4
0.030747 4
0.031658 4
0.031382 4
0.031161 4
0.031153 4
0.031892 4
0.030540 4
0.030001 4
0.030890 4
0.031620 4
0.030649 4
0.030915 4
0.029085 4
0.031562 4
0.030751 4
0.030431 4
0.031027 4
0.031347 4
0.029399 4
0.030829 4
0.031400 4
0.032321 4
0.030312 4
0.031989 4
0.031672 4
0.030660 4
0.031393 4
0.030465 4
0.035346 1
0.028239 1
0.031363 1
0.031890 1
0.030984 1
0.031729 1
0.030927 1
0.031665 1
1.088710 12
1.491768 4
0.192146 4
0.196109 4
1.183893 1
0.616238 1
0.856040 1
0.347765 1
0.662394 54
2.430419 13
0.644327 36
1.064237 2
0.026860 54
0.000056 2
0.000331 52
118.915489 1
0.152110 1
0.464080 1
0.363988 1
0.207782 1
0.272225 1
0.251885 1
0.220106 1
0.188182 1
0.618719 2
0.005737 2
3.095620 1
0.171958 1
0.199806 1
0.163946 1
0.479844 1
5.797373 4
0.460294 4
0.499274 4
0.907182 3
0.204167 3
0.171931 6
0.175820 3
0.168448 3
0.171368 6
0.188079 3
0.180131 3
0.196257 6
3.336161 1
0.127657 1
0.179939 1
0.207951 1
0.599964 1
0.192029 1
0.272120 1
1.287932 1
0.308240 1
0.239771 1
0.328278 1
1.675729 1
0.363907 1
0.200271 1
0.220232 1
0.332027 1
0.416260 1
1.911596 1
0.175791 1
0.200059 1
0.639966 1
0.484094 1
0.071773 1
17.794958 37
9.063219 2
1.755718 72
6.057672 2
0.002199 127
0.000048 2
0.000295 2
11.466974 4
0.644069 4
0.723016 3
0.187934 3
0.172290 6
0.175766 3
0.176131 3
0.179748 6
8.396263 1
0.159848 1
0.188001 1
0.179935 1
0.556071 1
0.208009 1
0.344251 1
1.964179 1
0.395567 1
0.303948 1
1.016051 1
1.012209 1
0.392113 1
0.159594 1
0.224050 1
0.328091 1
0.552471 1
0.327739 1
0.219799 1
0.192176 1
0.259789 1
0.371970 1
0.167992 1
0.533096 2
0.002068 54
0.000097 2
0.000194 2
12.052775 1
0.243697 1
0.304019 1
0.180098 1
0.511740 1
6.628194 1
1.508191 1
1.987971 3
1.024366 1
1.007553 1
0.352018 1
1.128375 1
0.119552 1
0.240041 1
0.199965 1
1.380033 1
1.779763 1
0.292244 1
0.263980 1
0.239964 1
0.368015 1
1.175937 1
0.860399 1
0.187739 1
0.171957 1
0.228201 1
0.447948 1
0.111844 1
0.449327 43
0.000060 2
0.000041 29
0.000057 2
0.000037 65
0.000036 2
0.000036 75
0.000036 2
0.000036 1
0.000035 1
0.000035 1
0.000035 1
0.000035 1
0.000035 1
0.000035 1
0.000035 1
0.000035 1
0.000035 1
0.000035 1
0.000035 1
0.000036 9
0.000035 2
0.000037 77
0.000035 2
0.000035 1
0.000035 1
0.000035 1
0.000035 1
0.000035 1
0.000035 1
0.000141 1
0.000039 1
0.000036 1
0.000035 1
0.000035 1
0.000035 1
0.000035 62
0.000035 2
0.000037 76
0.000038 2
0.000022 1
0.000020 1
0.000020 1
0.000020 1
0.000020 1
0.000051 1
0.000021 1
0.000020 1
0.000021 1
0.000020 1
0.000020 1
0.000020 1
0.000020 39
0.000021 2
0.000146 2
25.837593 4
1.036236 4
0.830960 3
0.500359 3
0.030173 6
0.031318 3
0.030761 3
0.031009 6
7.940234 1
0.240051 1
0.323999 1
0.128007 1
0.956103 1
0.928268 1
0.203726 1
0.199924 1
0.212020 1
0.416040 1
0.287853 1
0.188196 1
0.415873 1
0.392043 1
0.311871 1
1.156201 1
1.100314 1
0.303736 1
0.535775 1
0.304142 1
0.140838 1
0.251153 1
1.456303 1
0.387565 1
0.188171 1
0.199758 1
0.340653 1
0.299522 1
1.640018 1
0.224145 1
0.263805 1
0.235841 1
0.452344 1
0.119924 1
0.807950 3
0.500626 3
0.030436 3
0.030923 3
0.030077 3
0.031124 3
0.030542 3
0.490854 1
0.451659 1
0.243837 1
0.231983 1
0.228149 1
0.395791 1
0.091659 1
0.775376 2
0.000492 35
5.540310 2
0.001774 127
0.000185 2
0.000326 2
17.818167 1
0.547729 1
0.383816 1
0.175986 1
0.148357 1
0.191815 1
0.243826 1
1.990586 16
3.064927 2
0.026822 86
1.522239 1
0.495965 1
0.187498 1
0.200297 1
0.244172 1
0.716006 1
0.231717 1
0.375602 2
0.026443 52
0.333959 1
0.175831 1
1.112369 4
0.159819 4
9.508140 1
0.215818 1
0.928124 4
0.151957 4
0.535807 1
0.280129 1
0.332105 1
0.283883 1
0.416002 1
0.591930 1
1.532178 1
0.200029 1
2.828344 1
1.011618 1
0.244486 1
0.231397 1
0.260541 1
0.424060 1
1.367416 1
1.364434 2
0.057293 52
5.642345 1
0.147973 1
0.192071 1
0.215940 1
1.092484 1
0.256124 1
0.155211 1
0.456478 1
0.235637 1
0.524100 1
0.279971 1
0.536271 1
0.211701 1
0.208048 1
1.120504 1
3.508934 2
0.068641 52
2.826141 1
0.415818 1
6.200096 1
1.384147 1
0.283922 1
0.199755 1
0.296254 1
0.500164 1
0.191595 1
8.595992 4
0.500855 4
0.029814 4
0.031128 4
0.030642 4
0.030933 4
0.031209 4
0.030656 4
0.359081 4
2.220034 1
0.179633 1
0.235974 1
0.212260 1
0.432027 1
0.203756 1
0.308206 1
0.151935 1
1.343912 4
0.832087 1
0.328017 1
0.223818 1
0.232237 1
1.563868 4
0.500554 4
0.030308 4
0.030830 4
0.030942 4
0.034013 4
0.032442 4
0.029597 4
0.031374 4
0.032302 4
0.031497 4
0.948401 1
0.211757 1
0.412060 1
0.959929 1
0.143965 1
0.203710 1
0.268478 1
0.415982 1
0.091892 1
6.214819 2
0.003468 2
16.345637 1
0.448154 1
0.191818 1
0.203946 1
2.141198 2
0.000188 52
3.975618 9
0.996825 24
1.351785 30
0.512035 22
0.495897 18
1.615590 58
1.691153 58
0.372946 21
0.564240 19
0.420244 30
0.874600 4
0.500177 4
0.031207 4
0.031558 4
0.031677 4
0.031239 4
0.031363 4
0.031682 4
0.030880 4
0.031265 4
0.032410 4
0.031462 4
0.030649 4
0.031901 4
0.029795 4
0.030672 1
0.030822 1
0.031287 1
0.031195 1
0.030914 1
0.031870 1
0.032418 1
0.737501 1
0.219846 1
0.232072 1
0.188165 1
0.267924 1
0.316153 1
0.208026 1
1.496015 1
0.216213 1
0.215633 1
0.571867 1
1.220671 1
0.239368 1
0.231873 1
0.231952 1
0.336061 1
1.164177 1
0.283941 1
0.219864 1
0.252305 1
0.264039 1
0.419621 1
0.093894 1
0.367883 2
0.017332 54
0.002500 2
0.000470 52
1.779268 1
0.320078 23
1.579501 26
1.191344 1
0.436072 1
1.479939 1
1.164236 1
0.208000 1
0.239449 1
0.232287 1
0.348151 1
0.092011 1
0.548959 2
0.008527 2
3.026259 1
0.331962 1
0.235904 1
0.492336 1
0.163727 1
2.208250 1
0.107910 1
1.140159 1
0.579789 1
0.199959 1
1.539910 1
0.476088 1
0.612029 1
1.004137 1
0.380050 1
0.135681 1
0.487885 1
0.176014 1
4.064150 1
1.240207 1
0.451880 1
0.236193 1
0.263684 1
0.352122 1
0.284001 1
3.176370 2
0.034805 39
0.000083 2
0.000646 2
19.673086 4
0.788351 4
0.602817 3
0.499586 3
0.030771 6
0.030906 3
0.031021 3
0.030735 6
46.921177 1
0.459724 1
0.208088 1
0.172058 1
1.032372 3
0.159504 3
0.156036 3
0.164047 3
0.831961 1
0.324120 1
0.227795 1
0.327862 1
0.364103 3
0.164619 3
0.163561 3
0.199869 3
0.604055 1
0.300142 1
0.276012 1
0.375674 1
0.748451 2
0.001088 52
4.886626 1
0.351889 1
0.220962 1
0.223218 1
0.135796 1
0.456423 1
0.540000 1
2.319740 1
0.924154 1
0.440029 1
4.027882 1
0.243788 1
0.364214 1
0.531890 1
0.495987 1
0.268027 1
0.904284 4
0.159747 4
0.155940 4
0.164336 4
0.204368 4
0.219447 4
0.295988 1
0.339797 1
0.228154 1
0.207863 1
0.376490 1
0.487739 1
0.184041 1
1.307962 1
2.467901 1
0.251915 1
0.324404 1
0.251470 1
0.328458 1
0.331714 1
0.937676 2
0.053651 52
2.916499 1
2.692367 1
0.980059 1
0.276051 1
0.259694 1
0.183959 1
0.328393 1
0.411660 1
0.112750 1
0.421082 2
0.004447 2
2.733757 1
0.291977 1
0.216115 1
0.528621 1
0.171978 1
1.771261 1
0.092087 1
0.999834 1
0.516237 1
0.092037 1
0.627884 1
0.567990 1
0.552566 1
0.263580 1
0.443801 1
0.096091 1
0.391978 1
0.340213 1
1.575831 1
1.060050 1
0.415920 1
0.251929 1
0.419926 1
0.584456 1
0.263706 1
3.433852 78
0.000062 2
0.039779 2
8.142326 1
0.551888 1
0.572027 1
0.108013 1
0.828551 2
0.001021 52
1.966563 1
0.231988 1
0.311951 1
0.283864 1
0.864343 1
0.639833 1
0.403927 1
0.183900 1
1.368060 1
0.432025 1
0.392436 1
1.643515 1
4.095983 1
0.400295 1
0.211686 1
0.344126 1
0.355836 1
0.420502 1
0.243832 1
0.523807 1
0.600025 1
0.275975 1
0.340138 1
0.247803 1
0.396029 1
0.176350 1
13.912085 2
0.174852 52
4.029061 1
0.279557 1
0.236090 1
0.264017 1
0.572265 1
0.564304 1
0.079542 1
0.236060 1
1.620033 1
1.368135 1
0.307725 1
0.220182 1
0.340550 1
0.359366 1
0.199828 1
0.220233 1
4.704591 2
0.046542 52
0.961111 1
0.295571 1
0.200338 1
0.179523 1
0.708491 1
0.131711 1
0.227920 1
1.292258 1
0.335855 1
0.300049 1
1.048037 1
0.204240 1
0.191613 1
0.207834 1
0.340666 1
0.407693 1
0.107851 1
4.392563 2
0.019957 54
0.003236 2
0.000534 52
5.700792 17
0.507752 1
0.500552 1
0.030266 1
0.031312 1
0.030645 1
0.030317 1
0.030724 1
0.953460 19
0.192021 19
1.799971 17
0.285419 2
0.015102 54
0.000092 2
0.000413 52
35.010852 1
0.488106 1
0.356596 1
0.247461 1
16.212521 14
0.001133 86
2.078313 1
0.252184 1
0.531868 1
0.139929 1
2.300532 8
0.001143 2
1.602386 1
0.391956 1
0.240344 1
0.299795 1
0.720068 2
0.001056 52
5.698690 1
0.371949 1
0.460000 1
0.136063 1
0.832631 14
0.001181 86
1.766287 1
0.232019 1
0.247950 1
0.251897 1
0.804519 8
0.000294 58
0.000073 2
4.291273 1
0.716170 1
0.275826 1
0.259837 1
0.580734 2
0.004102 52
1.451009 1
0.264269 1
0.187985 1
0.248153 1
0.268038 14
0.000994 78
1.403140 1
0.307775 1
0.224225 1
0.251810 1
0.284149 8
