0.002540 13
0.018889 78
1.749430 4
8.935391 4
0.207614 4
0.179989 4
0.168197 4
0.579686 1
0.196237 1
0.183740 1
0.364239 1
3.588253 4
0.183684 4
0.172111 4
0.187842 4
0.676171 1
0.375904 1
0.428360 1
0.191604 1
2.532135 1
0.404015 1
0.187886 1
0.231815 1
0.340254 1
1.107517 35
4.764727 2
0.046233 73
0.000059 2
0.000036 71
0.000027 2
0.000035 72
0.000025 2
0.000031 72
0.000025 2
0.000031 72
0.000141 2
0.000049 72
0.000025 2
0.000031 72
0.000025 2
0.000031 72
0.000026 2
0.000092 2
0.000030 36
0.000025 2
0.000945 78
17.936071 1
0.359641 1
1.168237 4
0.652168 4
0.963849 1
0.399844 1
0.164080 1
0.231948 1
1.012319 1
0.335529 1
0.179986 1
0.160170 1
0.328012 1
1.483985 1
0.564037 1
0.159946 1
1.275978 1
0.408234 1
0.479652 1
0.120153 1
1.072188 1
0.095777 1
0.440282 1
0.303702 1
3.019772 2
0.002469 73
0.000046 2
0.000035 71
0.000026 2
0.000037 72
0.000026 2
0.000033 72
0.000025 2
0.000032 72
0.000078 2
0.000067 72
0.000031 2
0.000017 72
0.000007 2
0.000012 72
0.000007 2
0.000069 2
0.000008 36
0.000007 2
0.000760 78
105.957886 20
1.178859 4
0.159909 4
0.156105 4
0.500612 4
0.032157 4
0.030873 4
0.030394 4
0.031521 4
0.031310 4
0.031408 4
0.030871 4
0.031690 4
0.031692 4
0.030343 4
0.030918 4
0.032297 4
0.031750 4
0.030470 4
0.029884 4
0.032375 4
0.031797 1
0.032549 1
0.029001 1
0.030556 1
0.030746 1
0.030150 1
0.031609 1
0.031117 1
0.030468 1
0.030607 1
0.030949 1
0.507720 1
0.268082 1
0.568013 1
0.095888 1
0.296882 8
